FechaF,Asignaciones_totales,Asignaciones_automaticas,Asignaciones_manuales,PorcAA
2023-03-04,14051,11420,2631,0.81275
2023-03-05,10342,8371,1971,0.80942
2023-03-06,13600,10459,3141,0.76904
2023-03-07,13967,10991,2976,0.78693
2023-03-08,14185,11100,3085,0.78252
2023-03-09,14177,11114,3063,0.78395
2023-03-10,13958,10863,3095,0.77826
2023-03-11,14152,11127,3025,0.78625
2023-03-12,10690,8275,2415,0.77409
2023-03-13,13823,11416,2407,0.82587
2023-03-14,13734,11376,2358,0.82831
2023-03-15,13357,11645,1712,0.87183
2023-03-16,13248,12029,1219,0.90799
2023-03-17,13622,12341,1281,0.90596
2023-03-18,13928,12701,1227,0.9119
2023-03-19,10611,9655,956,0.9099
2023-03-20,12306,11212,1094,0.9111
2023-03-21,14182,13079,1103,0.92223
2023-03-22,14598,13716,882,0.93958
2023-03-23,14616,13741,875,0.94013
2023-03-24,14195,13359,836,0.94111
2023-03-25,14481,13640,841,0.94192
2023-03-26,10921,10309,612,0.94396
2023-03-27,13640,12729,911,0.93321
2023-03-28,14089,13289,800,0.94322
2023-03-29,14449,13638,811,0.94387
2023-03-30,13804,12980,824,0.94031
2023-03-31,13142,12308,834,0.93654
2023-04-01,12843,12055,788,0.93864
2023-04-02,10441,9829,612,0.94138
2023-04-03,14338,13445,893,0.93772
2023-04-04,12910,11795,1115,0.91363
2023-04-05,13507,12233,1274,0.90568
2023-04-06,13926,12793,1133,0.91864
2023-04-07,12314,11166,1148,0.90677
2023-04-08,11274,10097,1177,0.8956
2023-04-09,9292,8446,846,0.90895
2023-04-10,12696,11704,992,0.92187
2023-04-11,13794,12805,989,0.9283
2023-04-12,14141,12882,1259,0.91097
2023-04-13,13933,12808,1125,0.91926
2023-04-14,13838,12818,1020,0.92629
2023-04-15,13029,12084,945,0.92747
2023-04-16,10520,9753,767,0.92709
2023-04-17,13474,12434,1040,0.92281
2023-04-18,14059,12906,1153,0.91799
2023-04-19,14180,13106,1074,0.92426
2023-04-20,13509,12325,1184,0.91235
2023-04-21,13217,12119,1098,0.91693
2023-04-22,13292,12138,1154,0.91318
2023-04-23,11142,10313,829,0.9256
2023-04-24,13604,12517,1087,0.9201
2023-04-25,13897,12737,1160,0.91653
2023-04-26,13717,12643,1074,0.9217
2023-04-27,13552,12381,1171,0.91359
2023-04-28,12995,12038,957,0.92636
2023-04-29,12450,11592,858,0.93108
2023-04-30,10519,9833,686,0.93478
2023-05-01,9243,8599,644,0.93033
2023-05-02,13526,12235,1291,0.90455
2023-05-03,13941,12599,1342,0.90374
2023-05-04,14044,12801,1243,0.91149
2023-05-05,14082,12788,1294,0.90811
2023-05-06,14178,12976,1202,0.91522
2023-05-07,11794,10909,885,0.92496
2023-05-08,14201,12974,1227,0.9136
2023-05-09,13885,12739,1146,0.91746
2023-05-10,13367,12387,980,0.92669
2023-05-11,13915,12725,1190,0.91448
2023-05-12,13787,12565,1222,0.91137
2023-05-13,13482,12280,1202,0.91084
2023-05-14,11635,10816,819,0.92961
2023-05-15,13879,12770,1109,0.9201
2023-05-16,13987,12612,1375,0.90169
2023-05-17,14283,12960,1323,0.90737
2023-05-18,14269,12945,1324,0.90721
2023-05-19,14263,13050,1213,0.91495
2023-05-20,13828,12612,1216,0.91206
2023-05-21,12012,11078,934,0.92224
2023-05-22,14296,13104,1192,0.91662
2023-05-23,14569,13342,1227,0.91578
2023-05-24,14437,13323,1114,0.92284
2023-05-25,14127,12769,1358,0.90387
2023-05-26,13647,12442,1205,0.9117
2023-05-27,13570,12423,1147,0.91548
2023-05-28,11596,10678,918,0.92083
2023-05-29,13393,12157,1236,0.90771
2023-05-30,13708,12439,1269,0.90743
2023-05-31,13427,12120,1307,0.90266
2023-06-01,12662,11476,1186,0.90633
2023-06-02,13349,12122,1227,0.90808
2023-06-03,13469,12110,1359,0.8991
2023-06-04,11327,10223,1104,0.90253
2023-06-05,13704,12244,1460,0.89346
2023-06-06,13508,11928,1580,0.88303
2023-06-07,13591,12013,1578,0.88389
2023-06-08,13870,12129,1741,0.87448
2023-06-09,13447,11979,1468,0.89083
2023-06-10,13673,12296,1377,0.89929
2023-06-11,11305,10173,1132,0.89987
2023-06-12,13404,12155,1249,0.90682
2023-06-13,13031,11652,1379,0.89418
2023-06-14,13518,12124,1394,0.89688
2023-06-15,12402,11126,1276,0.89711
2023-06-16,12266,10972,1294,0.89451
2023-06-17,12481,11138,1343,0.8924
2023-06-18,9748,8778,970,0.90049
2023-06-19,12550,11143,1407,0.88789
2023-06-20,13569,11910,1659,0.87774
2023-06-21,13787,12007,1780,0.87089
2023-06-22,13840,12098,1742,0.87413
2023-06-23,12451,10615,1836,0.85254
2023-06-24,13018,10961,2057,0.84199
2023-06-25,11186,9569,1617,0.85544
2023-06-26,13421,11319,2102,0.84338
2023-06-27,13157,11060,2097,0.84062
2023-06-28,12897,9382,3515,0.72746
2023-06-29,12862,9032,3830,0.70222
2023-06-30,5254,2876,2378,0.54739
2023-07-01,11039,7206,3833,0.65278
2023-07-02,9984,6803,3181,0.68139
2023-07-03,12039,8088,3951,0.67182
2023-07-04,13308,8572,4736,0.64412
2023-07-05,13502,8214,5288,0.60835
2023-07-06,13503,7287,6216,0.53966
2023-07-07,13942,7631,6311,0.54734
2023-07-08,13537,7236,6301,0.53453
2023-07-09,11937,6565,5372,0.54997
2023-07-10,13885,7369,6516,0.53072
2023-07-11,14547,7901,6646,0.54314
2023-07-12,14663,8108,6555,0.55296
2023-07-13,14523,7838,6685,0.5397
2023-07-14,13341,7558,5783,0.56652
2023-07-15,13703,6978,6725,0.50923
2023-07-16,11412,5444,5968,0.47704
2023-07-17,14067,6836,7231,0.48596
2023-07-18,14518,6856,7662,0.47224
2023-07-19,13924,6519,7405,0.46818
2023-07-20,14495,7147,7348,0.49307
2023-07-21,13824,6411,7413,0.46376
2023-07-22,13355,5886,7469,0.44073
2023-07-23,11734,5280,6454,0.44997
2023-07-24,13744,6383,7361,0.46442
2023-07-25,13892,5998,7894,0.43176
2023-07-26,14522,6431,8091,0.44285
2023-07-27,14524,6304,8220,0.43404
2023-07-28,13907,5810,8097,0.41778
2023-07-29,13459,5797,7662,0.43072
2023-07-30,11827,5211,6616,0.4406
2023-07-31,14082,5926,8156,0.42082
2023-08-01,13444,5874,7570,0.43692
2023-08-02,14479,6271,8208,0.43311
2023-08-03,14301,6279,8022,0.43906
2023-08-04,14123,8392,5731,0.59421
2023-08-05,14225,7665,6560,0.53884
2023-08-06,11955,6162,5793,0.51543
2023-08-07,14325,7610,6715,0.53124
2023-08-08,15444,12614,2830,0.81676
2023-08-09,15916,12403,3513,0.77928
2023-08-10,15552,12217,3335,0.78556
2023-08-11,14824,11168,3656,0.75337
2023-08-12,14687,11013,3674,0.74985
2023-08-13,12151,12151,0,1
2023-08-14,14514,10355,4159,0.71345
2023-08-15,14419,10382,4037,0.72002
2023-08-16,14936,10746,4190,0.71947
2023-08-17,15001,10441,4560,0.69602
2023-08-18,13743,8905,4838,0.64797
2023-08-19,13918,8366,5552,0.60109
2023-08-20,11585,7393,4192,0.63815
2023-08-21,15156,8964,6192,0.59145
2023-08-22,15364,11350,4014,0.73874
2023-08-23,15969,11767,4202,0.73687
2023-08-24,15938,11880,4058,0.74539
2023-08-25,15562,11532,4030,0.74104
2023-08-26,15263,10825,4438,0.70923
2023-08-27,13421,9813,3608,0.73117
2023-08-28,15033,10995,4038,0.73139
2023-08-29,15635,11416,4219,0.73016
2023-08-30,15295,11454,3841,0.74887
2023-08-31,14493,11213,3280,0.77368
2023-09-01,13149,10994,2155,0.83611
2023-09-02,14139,12488,1651,0.88323
2023-09-03,12425,10827,1598,0.87139
2023-09-04,14836,12659,2177,0.85326
2023-09-05,14607,12249,2358,0.83857
2023-09-06,15400,12976,2424,0.8426
2023-09-07,15530,13205,2325,0.85029
2023-09-08,15674,13120,2554,0.83705
2023-09-09,15266,12861,2405,0.84246
2023-09-10,13477,11353,2124,0.8424
2023-09-11,14966,12541,2425,0.83797
2023-09-12,15297,12524,2773,0.81872
2023-09-13,14776,12154,2622,0.82255
2023-09-14,14419,11982,2437,0.83099
2023-09-15,13878,11360,2518,0.81856
2023-09-16,10201,8580,1621,0.84109
2023-09-17,12174,10032,2142,0.82405
2023-09-18,14936,12212,2724,0.81762
2023-09-19,15765,12687,3078,0.80476
2023-09-20,15775,12736,3039,0.80735
2023-09-21,14864,11979,2885,0.80591
2023-09-22,14480,11718,2762,0.80925
2023-09-23,14464,11753,2711,0.81257
2023-09-24,12255,9979,2276,0.81428
2023-09-25,14583,11579,3004,0.79401
2023-09-26,14404,11356,3048,0.78839
2023-09-27,14749,11559,3190,0.78371
2023-09-28,14989,11889,3100,0.79318
2023-09-29,14783,12037,2746,0.81425
2023-09-30,13817,10822,2995,0.78324
2023-10-01,11074,9341,1733,0.84351
2023-10-02,14707,12147,2560,0.82593
2023-10-03,15053,11748,3305,0.78044
2023-10-04,15353,12823,2530,0.83521
2023-10-05,15070,13038,2032,0.86516
2023-10-06,14419,12681,1738,0.87946
2023-10-07,14424,12840,1584,0.89018
2023-10-08,12207,10741,1466,0.8799
2023-10-09,14350,12593,1757,0.87756
2023-10-10,13037,12481,556,0.95735
2023-10-11,13692,13100,592,0.95676
2023-10-12,14263,13768,495,0.96529
2023-10-13,12756,12113,643,0.94959
2023-10-14,12997,12605,392,0.96984
2023-10-15,11047,10726,321,0.97094
2023-10-16,13691,13323,368,0.97312
2023-10-17,13870,13583,287,0.97931
2023-10-18,13964,13747,217,0.98446
2023-10-19,13652,13471,181,0.98674
2023-10-20,13040,12876,164,0.98742
2023-10-21,13047,12918,129,0.99011
2023-10-22,10857,10773,84,0.99226
2023-10-23,13785,13612,173,0.98745
2023-10-24,13415,13238,177,0.98681
2023-10-25,13243,13047,196,0.9852
2023-10-26,13545,13378,167,0.98767
2023-10-27,13593,13429,164,0.98793
2023-10-28,13039,12932,107,0.99179
2023-10-29,10738,10618,120,0.98882
2023-10-30,12596,12449,147,0.98833
2023-10-31,12948,12808,140,0.98919
2023-11-01,12555,12449,106,0.99156
2023-11-02,12994,12873,121,0.99069
2023-11-03,13546,13364,182,0.98656
2023-11-04,13356,13272,84,0.99371
2023-11-05,11330,11263,67,0.99409
2023-11-06,13570,13357,213,0.9843
2023-11-07,14222,14083,139,0.99023
2023-11-08,14567,14487,80,0.99451
2023-11-09,13918,13767,151,0.98915
2023-11-10,13772,13671,101,0.99267
2023-11-11,13735,13659,76,0.99447
2023-11-12,11663,11583,80,0.99314
2023-11-13,13783,13681,102,0.9926
2023-11-14,14246,14156,90,0.99368
2023-11-15,13934,13814,120,0.99139
2023-11-16,14444,14298,146,0.98989
2023-11-17,14582,14478,104,0.99287
2023-11-18,14114,14061,53,0.99624
2023-11-19,12019,11951,68,0.99434
2023-11-20,11641,11568,73,0.99373
2023-11-21,14505,14390,115,0.99207
2023-11-22,15007,14893,114,0.9924
2023-11-23,15263,15142,121,0.99207
2023-11-24,15044,14891,153,0.98983
2023-11-25,14486,14446,40,0.99724
2023-11-26,12058,11996,62,0.99486
2023-11-27,14826,14696,130,0.99123
2023-11-28,14856,14602,254,0.9829
2023-11-29,14563,14370,193,0.98675
2023-11-30,14382,14204,178,0.98762
2023-12-01,13452,13305,147,0.98907
2023-12-02,13917,13855,62,0.99555
2023-12-03,11747,11710,37,0.99685
2023-12-04,14581,14504,77,0.99472
2023-12-05,15401,15242,159,0.98968
2023-12-06,15504,15342,162,0.98955
2023-12-07,15094,15008,86,0.9943
2023-12-08,15349,15268,81,0.99472
2023-12-09,14245,14120,125,0.99122
2023-12-10,12136,12099,37,0.99695
2023-12-11,14157,14081,76,0.99463
2023-12-12,14344,14294,50,0.99651
2023-12-13,13844,13730,114,0.99177
2023-12-14,13611,13507,104,0.99236
2023-12-15,12946,12797,149,0.98849
2023-12-16,12784,12772,12,0.99906
2023-12-17,10968,10929,39,0.99644
2023-12-18,13868,13820,48,0.99654
2023-12-19,14432,14375,57,0.99605
2023-12-20,14080,13916,164,0.98835
2023-12-21,14301,14222,79,0.99448
2023-12-22,13828,13745,83,0.994
2023-12-23,12882,12760,122,0.99053
2023-12-24,8817,8696,121,0.98628
2023-12-25,4296,4236,60,0.98603
2023-12-26,13682,13532,150,0.98904
2023-12-27,14228,14037,191,0.98658
2023-12-28,14327,14093,234,0.98367
2023-12-29,13989,13783,206,0.98527
2023-12-30,12749,12538,211,0.98345
2023-12-31,7944,7715,229,0.97117
2024-01-01,2826,2771,55,0.98054
2024-01-02,12807,12616,191,0.98509
2024-01-03,14819,14606,213,0.98563
2024-01-04,15022,14846,176,0.98828
2024-01-05,14622,14465,157,0.98926
2024-01-06,13625,13466,159,0.98833
2024-01-07,11891,11717,174,0.98537
2024-01-08,14378,14224,154,0.98929
2024-01-09,14660,14433,227,0.98452
2024-01-10,14991,14487,504,0.96638
2024-01-11,15101,14838,263,0.98258
2024-01-12,14665,14439,226,0.98459
2024-01-13,14236,14133,103,0.99276
2024-01-14,11988,11884,104,0.99132
2024-01-15,13741,13595,146,0.98937
2024-01-16,13621,13412,209,0.98466
2024-01-17,14508,14270,238,0.9836
2024-01-18,14523,14293,230,0.98416
2024-01-19,14625,14299,326,0.97771
2024-01-20,13875,13681,194,0.98602
2024-01-21,11356,11124,232,0.97957
2024-01-22,13940,13658,282,0.97977
2024-01-23,13787,13418,369,0.97324
2024-01-24,14443,13954,489,0.96614
2024-01-25,14501,13862,639,0.95593
2024-01-26,14342,13764,578,0.9597
2024-01-27,13994,13467,527,0.96234
2024-01-28,11506,11147,359,0.9688
2024-01-29,13764,13277,487,0.96462
2024-01-30,12372,11902,470,0.96201
2024-01-31,14264,13713,551,0.96137
2024-02-01,13701,13231,470,0.9657
2024-02-02,13359,12873,486,0.96362
2024-02-03,13314,12902,412,0.96906
2024-02-04,10986,10543,443,0.95968
2024-02-05,12025,11620,405,0.96632
2024-02-06,14013,13441,572,0.95918
2024-02-07,14120,13473,647,0.95418
2024-02-08,14496,13998,498,0.96565
2024-02-09,14301,13746,555,0.96119
2024-02-10,13823,13328,495,0.96419
2024-02-11,11346,10958,388,0.9658
2024-02-12,11926,11385,541,0.95464
2024-02-13,14137,13505,632,0.95529
2024-02-14,13393,12809,584,0.9564
2024-02-15,13695,13103,592,0.95677
2024-02-16,13187,12581,606,0.95405
2024-02-17,13563,13043,520,0.96166
2024-02-18,11790,11392,398,0.96624
2024-02-19,13925,13302,623,0.95526
2024-02-20,14314,13653,661,0.95382
2024-02-21,15007,14381,626,0.95829
2024-02-22,14863,14178,685,0.95391
2024-02-23,11219,10785,434,0.96132
2024-02-24,14101,13511,590,0.95816
2024-02-25,11356,10887,469,0.9587
2024-02-26,14287,13662,625,0.95625
2024-02-27,14871,14316,555,0.96268
2024-02-28,15065,14457,608,0.95964
2024-02-29,14430,14013,417,0.9711
2024-03-01,13299,12904,395,0.9703
2024-03-02,13622,13233,389,0.97144
2024-03-03,11379,11049,330,0.971