Fecha,Instalaciones,Activaciones_automaticas,Activaciones_manuales,PorcAM
2023-01-28,3893,1952,1941,0.498587207808888
2023-01-29,2842,1475,1367,0.480999296270232
2023-01-30,3339,1709,1630,0.48817011081162
2023-01-31,3736,1982,1754,0.46948608137045
2023-02-01,3255,1765,1490,0.457757296466974
2023-02-02,3399,1767,1632,0.480141218005296
2023-02-03,3321,1759,1562,0.470340258958145
2023-02-04,3995,2122,1873,0.46883604505632
2023-02-05,2792,1478,1314,0.470630372492837
2023-02-06,3324,1727,1597,0.480445246690734
2023-02-07,3329,1720,1609,0.483328326824872
2023-02-08,3224,1640,1584,0.491315136476427
2023-02-09,3154,1677,1477,0.468294229549778
2023-02-10,3324,1668,1656,0.498194945848375
2023-02-11,3749,1886,1863,0.496932515337423
2023-02-12,2671,1340,1331,0.498315237738675
2023-02-13,2999,1515,1484,0.494831610536846
2023-02-14,2999,1516,1483,0.494498166055352
2023-02-15,3258,1703,1555,0.477286678944138
2023-02-16,3318,1702,1616,0.487040385774563
2023-02-17,3234,1585,1649,0.509894867037724
2023-02-18,4021,2067,1954,0.485948768962945
2023-02-19,2784,1379,1405,0.504669540229885
2023-02-20,3149,1654,1495,0.474753890123849
2023-02-21,3281,1891,1390,0.4236513258153
2023-02-22,3151,1895,1256,0.39860361789908
2023-02-23,3018,1912,1106,0.366467859509609
2023-02-24,3200,2042,1158,0.361875
2023-02-25,3821,2425,1396,0.365349384977754
2023-02-26,2705,1704,1001,0.370055452865065
2023-02-27,3315,2077,1238,0.373453996983409
2023-02-28,3734,2419,1315,0.352169255490091
2023-03-01,3201,2058,1143,0.357075913776945
2023-03-02,3280,2076,1204,0.367073170731707
2023-03-03,3589,2366,1223,0.340763443856227
2023-03-04,4188,2622,1566,0.373925501432665
2023-03-05,2860,1733,1127,0.394055944055944
2023-03-06,3047,2024,1023,0.335740072202166
2023-03-07,3375,2285,1090,0.322962962962963
2023-03-08,3507,2442,1065,0.303678357570573
2023-03-09,3288,2555,733,0.222931873479319
2023-03-10,3108,2529,579,0.186293436293436
2023-03-11,3901,3066,835,0.21404768008203
2023-03-12,2834,2233,601,0.212067748764996
2023-03-13,3092,2486,606,0.195989650711514
2023-03-14,3374,2785,589,0.174570243034973
2023-03-15,3315,2981,334,0.100754147812971
2023-03-16,3729,3429,300,0.080450522928399
2023-03-17,4527,4096,431,0.0952065385464988
2023-03-18,5209,4726,483,0.0927241313111922
2023-03-19,3827,3497,330,0.0862294225241704
2023-03-20,4470,4093,377,0.0843400447427293
2023-03-21,3925,3685,240,0.0611464968152866
2023-03-22,3633,3419,214,0.0589044866501514
2023-03-23,3608,3408,200,0.0554323725055432
2023-03-24,3783,3578,205,0.0541897964578377
2023-03-25,4385,4163,222,0.0506271379703535
2023-03-26,3439,3256,183,0.0532131433556266
2023-03-27,3135,2991,144,0.045933014354067
2023-03-28,2964,2832,132,0.0445344129554656
2023-03-29,3336,3186,150,0.0449640287769784
2023-03-30,3974,3766,208,0.0523402113739306
2023-03-31,5227,4956,271,0.0518461832791276
2023-04-01,4443,4260,183,0.0411883862255233
2023-04-02,2914,2789,125,0.0428963623884695
2023-04-03,4002,3868,134,0.0334832583708146
2023-04-04,3625,3458,167,0.0460689655172414
2023-04-05,3302,3068,234,0.0708661417322835
2023-04-06,3502,3370,132,0.0376927470017133
2023-04-07,2868,2783,85,0.0296373779637378
2023-04-08,2536,2460,76,0.0299684542586751
2023-04-09,1893,1836,57,0.0301109350237718
2023-04-10,2814,2691,123,0.0437100213219616
2023-04-11,3217,3051,166,0.0516008703761268
2023-04-12,3288,3126,162,0.0492700729927007
2023-04-13,3059,2934,125,0.04086302713305
2023-04-14,3807,3648,159,0.0417651694247439
2023-04-15,5028,4786,242,0.0481304693715195
2023-04-16,4012,3897,115,0.0286640079760718
2023-04-17,3851,3714,137,0.0355751752791483
2023-04-18,3535,3351,184,0.052050919377652
2023-04-19,3326,3175,151,0.0453998797354179
2023-04-20,3244,3093,151,0.0465474722564735
2023-04-21,3573,3419,154,0.0431010355443605
2023-04-22,4081,3917,164,0.0401862288654741
2023-04-23,3166,3047,119,0.0375868603916614
2023-04-24,3725,3591,134,0.0359731543624161
2023-04-25,4431,4211,220,0.0496501918302866
2023-04-26,3824,3658,166,0.0434100418410042
2023-04-27,3237,3083,154,0.0475749150447946
2023-04-28,4047,3829,218,0.0538670620212503
2023-04-29,4929,4679,250,0.050720227226618
2023-04-30,3683,3497,186,0.0505023079011675
2023-05-01,3293,3117,176,0.0534467051320984
2023-05-02,3552,3391,161,0.0453265765765766
2023-05-03,3237,3093,144,0.0444856348470806
2023-05-04,3240,3069,171,0.0527777777777778
2023-05-05,3630,3454,176,0.0484848484848485
2023-05-06,3806,3630,176,0.046242774566474
2023-05-07,2754,2649,105,0.0381263616557734
2023-05-08,3170,3008,162,0.0511041009463722
2023-05-09,3419,3261,158,0.0462123427902896
2023-05-10,3050,2870,180,0.059016393442623
2023-05-11,3132,2975,157,0.0501277139208174
2023-05-12,3282,3130,152,0.0463132236441194
2023-05-13,4737,4509,228,0.0481317289423686
2023-05-14,4297,4116,181,0.0421224109844077
2023-05-15,4999,4752,247,0.0494098819763953
2023-05-16,5290,4986,304,0.0574669187145558
2023-05-17,4453,4178,275,0.0617561194700202
2023-05-18,3436,3269,167,0.0486030267753201
2023-05-19,3488,3276,212,0.0607798165137615
2023-05-20,4405,4173,232,0.0526674233825199
2023-05-21,3712,3526,186,0.0501077586206897
2023-05-22,3811,3614,197,0.0516924691681973
2023-05-23,3566,3381,185,0.0518788558609086
2023-05-24,3503,3312,191,0.0545246931201827
2023-05-25,3621,3378,243,0.0671085335542668
2023-05-26,3819,3573,246,0.0644147682639434
2023-05-27,4289,3975,314,0.0732105385870832
2023-05-28,3183,2979,204,0.0640904806786051
2023-05-29,3650,3410,240,0.0657534246575342
2023-05-30,4016,3706,310,0.077191235059761
2023-05-31,4454,4148,306,0.0687022900763359
2023-06-01,3449,3201,248,0.0719048999710061
2023-06-02,3261,3035,226,0.0693038945108862
2023-06-03,3907,3671,236,0.0604044023547479
2023-06-04,3467,3247,220,0.0634554369772137
2023-06-05,3555,3325,230,0.0646976090014065
2023-06-06,3393,3217,176,0.0518715001473622
2023-06-07,3313,3085,228,0.0688198007847872
2023-06-08,3335,3145,190,0.0569715142428786
2023-06-09,3482,3273,209,0.0600229753015508
2023-06-10,4151,3905,246,0.0592628282341604
2023-06-11,3361,3177,184,0.0547456114251711
2023-06-12,3507,3292,215,0.0613059595095523
2023-06-13,3566,3354,212,0.0594503645541223
2023-06-14,3741,3545,196,0.0523924084469393
2023-06-15,3734,3540,194,0.0519550080342796
2023-06-16,3689,3487,202,0.054757386825698
2023-06-17,4212,3982,230,0.0546058879392213
2023-06-18,3050,2892,158,0.0518032786885246
2023-06-19,3635,3450,185,0.0508940852819807
2023-06-20,3575,3400,175,0.048951048951049
2023-06-21,3549,3343,206,0.0580445195829811
2023-06-22,3286,3117,169,0.0514303104077906
2023-06-23,3340,3157,183,0.0547904191616766
2023-06-24,3910,3730,180,0.0460358056265985
2023-06-25,3052,2914,138,0.04521625163827
2023-06-26,3411,3263,148,0.0433890354734682
2023-06-27,3523,3390,133,0.0377519159806983
2023-06-28,3372,3242,130,0.0385527876631079
2023-06-29,3553,3402,151,0.0424992963692654
2023-06-30,2495,2201,294,0.117835671342685
2023-07-01,4093,3937,156,0.0381138529196189
2023-07-02,2777,2695,82,0.0295282679150162
2023-07-03,3425,3325,100,0.0291970802919708
2023-07-04,3302,3186,116,0.0351302241066021
2023-07-05,2789,2685,104,0.0372893510218716
2023-07-06,2620,2513,107,0.0408396946564885
2023-07-07,3377,3281,96,0.0284275984601717
2023-07-08,4117,3997,120,0.0291474374544571
2023-07-09,3150,3072,78,0.0247619047619048
2023-07-10,3422,3303,119,0.0347749853886616
2023-07-11,3438,3309,129,0.037521815008726
2023-07-12,3440,3313,127,0.0369186046511628
2023-07-13,3233,3094,139,0.0429941231054748
2023-07-14,3311,3195,116,0.0350347327091513
2023-07-15,4209,4076,133,0.0315989546210501
2023-07-16,2945,2869,76,0.0258064516129032
2023-07-17,3465,3350,115,0.0331890331890332
2023-07-18,3441,3350,91,0.026445800639349
2023-07-19,3318,3209,109,0.0328511151295961
2023-07-20,3850,3734,116,0.0301298701298701
2023-07-21,3614,3515,99,0.027393469839513
2023-07-22,4165,4050,115,0.0276110444177671
2023-07-23,2997,2921,76,0.0253586920253587
2023-07-24,3315,3222,93,0.0280542986425339
2023-07-25,3722,3599,123,0.0330467490596454
2023-07-26,3763,3629,134,0.0356098857294712
2023-07-27,3715,3631,84,0.0226110363391655
2023-07-28,4024,3905,119,0.029572564612326
2023-07-29,4401,4287,114,0.0259032038173142
2023-07-30,3458,3363,95,0.0274725274725275
2023-07-31,4113,4001,112,0.0272307318259178
2023-08-01,3835,3667,168,0.0438070404172099
2023-08-02,3811,3668,143,0.0375229598530569
2023-08-03,3639,3115,524,0.143995603187689
2023-08-04,3651,3486,165,0.0451930977814297
2023-08-05,4106,3948,158,0.0384802727715538
2023-08-06,3202,3089,113,0.0352904434728295
2023-08-07,3501,3393,108,0.0308483290488432
2023-08-08,3565,3454,111,0.0311360448807854
2023-08-09,3665,3525,140,0.0381991814461119
2023-08-10,3604,3462,142,0.0394006659267481
2023-08-11,3942,3801,141,0.0357686453576865
2023-08-12,3983,3810,173,0.043434597037409
2023-08-13,3294,3141,153,0.046448087431694
2023-08-14,3423,3293,130,0.0379783815366637
2023-08-15,4096,3963,133,0.032470703125
2023-08-16,3778,3649,129,0.0341450502911593
2023-08-17,3688,3532,156,0.0422993492407809
2023-08-18,4049,3918,131,0.0323536675722401
2023-08-19,4342,4170,172,0.0396130815292492
2023-08-20,3077,2968,109,0.0354241143971401
2023-08-21,3306,3251,55,0.0166364186327889
2023-08-22,3446,3391,55,0.0159605339524086
2023-08-23,3553,3461,92,0.0258936110329299
2023-08-24,3717,3631,86,0.0231369383911757
2023-08-25,4028,3938,90,0.022343594836147
2023-08-26,4621,4530,91,0.0196927072062324
2023-08-27,3706,3644,62,0.0167296276308689
2023-08-28,3823,3747,76,0.0198796756473973
2023-08-29,3860,3802,58,0.0150259067357513
2023-08-30,3698,3662,36,0.00973499188750676
2023-08-31,3707,3653,54,0.0145670353385487
2023-09-01,3385,3342,43,0.0127031019202363
2023-09-02,3839,3807,32,0.00833550403750977
2023-09-03,3129,3102,27,0.00862895493767977
2023-09-04,3321,3298,23,0.00692562481180367
2023-09-05,3691,3663,28,0.00758602004876727
2023-09-06,3517,3482,35,0.00995166334944555
2023-09-07,3447,3416,31,0.00899332753118654
2023-09-08,3343,3316,27,0.00807657792402034
2023-09-09,3983,3945,38,0.00954054732613608
2023-09-10,3081,3063,18,0.00584225900681597
2023-09-11,3252,3214,38,0.0116851168511685
2023-09-12,3463,3431,32,0.00924054288189431
2023-09-13,3220,3179,41,0.0127329192546584
2023-09-14,3197,3156,41,0.0128245229903034
2023-09-15,3587,3535,52,0.0144967939782548
2023-09-16,3019,2985,34,0.0112620072871812
2023-09-17,2983,2955,28,0.00938652363392558
2023-09-18,3417,3394,23,0.00673105062920691
2023-09-19,3242,3203,39,0.0120296113510179
2023-09-20,2809,2779,30,0.0106799572801709
2023-09-21,3215,3157,58,0.0180404354587869
2023-09-22,3698,3642,56,0.0151433207138994
2023-09-23,4128,4074,54,0.0130813953488372
2023-09-24,3243,3210,33,0.0101757631822387
2023-09-25,3363,3318,45,0.0133809099018733
2023-09-26,3513,3465,48,0.013663535439795
2023-09-27,3345,3308,37,0.0110612855007474
2023-09-28,3671,3616,55,0.0149822936529556
2023-09-29,3999,3925,74,0.0185046261565391
2023-09-30,4739,4654,85,0.0179362734754168
2023-10-01,3071,3023,48,0.0156300879192445
2023-10-02,3199,3157,42,0.0131291028446389
2023-10-03,3141,3048,93,0.0296084049665712
2023-10-04,3222,3117,105,0.0325884543761639
2023-10-05,3087,2985,102,0.033041788143829
2023-10-06,3446,3314,132,0.0383052814857806
2023-10-07,3846,3737,109,0.0283411336453458
2023-10-08,2929,2823,106,0.0361898258791396
2023-10-09,3174,3067,107,0.0337114051669817
2023-10-10,2883,2796,87,0.0301768990634755
2023-10-11,2966,2853,113,0.0380984490896831
2023-10-12,2791,2702,89,0.0318882121103547
2023-10-13,2917,2813,104,0.0356530682207748
2023-10-14,3715,3608,107,0.0288021534320323
2023-10-15,3181,3098,83,0.0260924237661113
2023-10-16,3501,3411,90,0.025706940874036
2023-10-17,3294,3213,81,0.0245901639344262
2023-10-18,3288,3173,115,0.0349756690997567
2023-10-19,3263,3172,91,0.0278884462151394
2023-10-20,3348,3253,95,0.0283751493428913
2023-10-21,4019,3919,100,0.0248818113958696
2023-10-22,3010,2928,82,0.0272425249169435
2023-10-23,3185,3083,102,0.0320251177394035
2023-10-24,3230,3135,95,0.0294117647058824
2023-10-25,3094,3002,92,0.0297349709114415
2023-10-26,3188,3092,96,0.0301129234629862
2023-10-27,3237,3147,90,0.0278035217794254
2023-10-28,3755,3672,83,0.022103861517976
2023-10-29,2834,2760,74,0.0261115031757234
2023-10-30,3126,3022,104,0.0332693538067818
2023-10-31,3760,3662,98,0.026063829787234
2023-11-01,3418,3326,92,0.0269163253364541
2023-11-02,3268,3191,77,0.023561811505508
2023-11-03,3254,3163,91,0.0279655808236017
2023-11-04,3889,3792,97,0.0249421445101569
2023-11-05,3327,3248,79,0.0237451157198677
2023-11-06,3628,3528,100,0.0275633958103638
2023-11-07,3853,3758,95,0.0246561121204256
2023-11-08,3765,3660,105,0.0278884462151394
2023-11-09,3585,3486,99,0.0276150627615063
2023-11-10,3569,3486,83,0.0232558139534884
2023-11-11,4352,4249,103,0.0236672794117647
2023-11-12,3255,3174,81,0.0248847926267281
2023-11-13,3658,3525,133,0.0363586659376709
2023-11-14,3995,3883,112,0.0280350438047559
2023-11-15,4029,3925,104,0.0258128567882849
2023-11-16,4035,3910,125,0.0309789343246592
2023-11-17,4388,4283,105,0.0239288969917958
2023-11-18,5151,5035,116,0.0225198990487284
2023-11-19,4102,4003,99,0.0241345685031692
2023-11-20,4289,4189,100,0.0233154581487526
2023-11-21,4180,4064,116,0.0277511961722488
2023-11-22,3805,3704,101,0.0265440210249671
2023-11-23,3985,3883,102,0.0255959849435383
2023-11-24,4043,3934,109,0.02696017808558
2023-11-25,4515,4426,89,0.0197120708748616
2023-11-26,3677,3588,89,0.0242045145499048
2023-11-27,3832,3727,105,0.0274008350730689
2023-11-28,4156,4050,106,0.0255052935514918
2023-11-29,4144,3939,205,0.049469111969112
2023-11-30,4642,4456,186,0.040068935803533
2023-12-01,3927,3773,154,0.0392156862745098
2023-12-02,4483,4320,163,0.0363595806379656
2023-12-03,3787,3652,135,0.0356482703987325
2023-12-04,3793,3659,134,0.0353282362246243
2023-12-05,3894,3728,166,0.0426296866974833
2023-12-06,3873,3736,137,0.0353730957913762
2023-12-07,3841,3720,121,0.0315022129653736
2023-12-08,3976,3858,118,0.0296780684104628
2023-12-09,4376,4239,137,0.0313071297989031
2023-12-10,3591,3481,110,0.0306321358952938
2023-12-11,3466,3369,97,0.0279861511829198
2023-12-12,3905,3772,133,0.0340588988476312
2023-12-13,3496,3395,101,0.0288901601830664
2023-12-14,3403,3280,123,0.036144578313253
2023-12-15,3652,3544,108,0.0295728368017525
2023-12-16,4288,4182,106,0.0247201492537313
2023-12-17,3465,3371,94,0.0271284271284271
2023-12-18,3931,3821,110,0.0279827016026456
2023-12-19,4160,4037,123,0.0295673076923077
2023-12-20,4172,4025,147,0.0352348993288591
2023-12-21,4116,3991,125,0.0303692905733722
2023-12-22,3875,3777,98,0.0252903225806452
2023-12-23,4212,4097,115,0.0273029439696106
2023-12-24,2497,2432,65,0.026031237484982
2023-12-25,895,872,23,0.0256983240223464
2023-12-26,3421,3336,85,0.0248465361005554
2023-12-27,4258,4147,111,0.0260685767966181
2023-12-28,4315,4206,109,0.025260718424102
2023-12-29,4276,4160,116,0.0271281571562208
2023-12-30,4275,4185,90,0.0210526315789474
2023-12-31,2187,2145,42,0.0192043895747599
2024-01-01,652,631,21,0.0322085889570552
2024-01-02,3171,3094,77,0.0242825607064018
2024-01-03,4201,4117,84,0.0199952392287551
2024-01-04,4032,3932,100,0.0248015873015873
2024-01-05,4079,3969,110,0.0269673939691101
2024-01-06,4314,4203,111,0.0257301808066759
2024-01-07,3293,3228,65,0.0197388399635591
2024-01-08,3773,3655,118,0.0312748476013782
2024-01-09,4122,4003,119,0.0288694808345463
2024-01-10,4032,3932,100,0.0248015873015873
2024-01-11,3938,3842,96,0.0243778567800914
2024-01-12,4163,4067,96,0.0230602930578909
2024-01-13,4703,4584,119,0.0253029980863279
2024-01-14,3879,3793,86,0.0221706625418922
2024-01-15,4047,3911,136,0.0336051396095874
2024-01-16,4416,4299,117,0.0264945652173913
2024-01-17,4087,3974,113,0.027648642035723
2024-01-18,4162,4072,90,0.0216242191254205
2024-01-19,3854,3738,116,0.030098598858329
2024-01-20,4246,4143,103,0.0242581252943947
2024-01-21,3394,3316,78,0.0229817324690631
2024-01-22,3512,3412,100,0.0284738041002278
2024-01-23,3872,3762,110,0.0284090909090909
2024-01-24,3967,3825,142,0.0357953113183766
2024-01-25,3764,3667,97,0.0257704569606801
2024-01-26,3906,3788,118,0.0302099334357399
2024-01-27,4453,4352,101,0.0226813384235347
2024-01-28,3353,3268,85,0.0253504324485535